Source Section	TrueCnt	FalseCnt	Total
Harness.som pos=1578 len=28	2	0	2
Harness.som pos=1822 len=7	2	0	2
Harness.som pos=4623 len=3	0	1	1
Harness.som pos=5217 len=35	1	0	1
Harness.som pos=5406 len=8	1	0	1
Harness.som pos=5606 len=3	0	1	1
Harness.som pos=6309 len=3	1	0	1
Harness.som pos=6388 len=3	1	0	1
Harness.som pos=6464 len=3	1	0	1
Harness.som pos=6598 len=3	0	1	1
Harness.som pos=7803 len=13	0	1	1
Kernel.som pos=8112 len=8	20006	7	20013
Kernel.som pos=12595 len=13	0	1	1
Kernel.som pos=12638 len=13	0	1	1
Kernel.som pos=12783 len=9	0	5	5
Platform.som pos=1158 len=3	0	1	1
Sieve.som pos=1592 len=9	1338	8660	9998
Sieve.som pos=1723 len=7	22138	1338	23476
